esoloc comparison with legacy vit2tbl output

Tables: /Users/jdsimon/mermaid/eso-data
Untrusted derived comparison set: /Users/jdsimon/mermaid/esoloc
Normalized records: /Users/jdsimon/mermaid/records
Time-unmatched files: /Users/jdsimon/mermaid/eso-data

Modern esoloc is authoritative; this temporal-only, many-to-one comparison is diagnostic, not a pass/fail test.
It does not prove one-to-one row identity or that a time-unmatched row lacks source data.

A legacy row with no normalized GPS row within 300 seconds is flagged as time-unmatched.

Instrument  Generated  Legacy  Delta  Legacy time-matched  Legacy time-unmatched  Matched median abs(dt) (s)  Matched median distance (m)  Max matched distance legacy timestamp
--------------------------------------------------------------------------------------------------------------------------------------------------------------------------------
N0001            3346     844  +2502                  834                     10                        53.0                          0.0  2024-07-06T22:08:57Z                 
N0002            2367     603  +1764                  598                      5                        52.5                          0.0  2019-09-25T23:05:11Z                 
N0003              31       2    +29                    1                      1                        52.0                          0.0  2019-01-02T00:14:03Z                 
N0004            2931     896  +2035                  773                    123                        53.0                          0.0  2025-07-02T15:59:10Z                 
N0005            2819     706  +2113                  702                      4                        51.0                          0.0  2019-12-24T22:48:01Z                 
P0006            3272     901  +2371                  846                     55                        53.0                          0.0  2022-09-30T19:21:28Z                 
P0007             171      43   +128                   41                      2                        54.0                          0.0  2018-06-27T18:40:06Z                 
P0008            2648     649  +1999                  645                      4                        54.0                          0.0  2021-02-16T07:28:05Z                 
P0009            2899     700  +2199                  693                      7                        54.0                          0.0  2023-07-07T11:15:59Z                 
P0010            4447    1299  +3148                 1254                     45                        59.0                          0.0  2023-01-06T17:49:07Z                 
P0011            3553     870  +2683                  858                     12                        54.0                          0.0  2024-03-08T19:59:36Z                 
P0012            2718     660  +2058                  657                      3                        53.0                          0.0  2024-02-05T19:01:53Z                 
P0013            2627     714  +1913                  647                     67                        55.0                          0.0  2020-05-27T20:32:19Z                 
P0016            3076     937  +2139                  860                     77                        59.0                          0.0  2025-05-08T11:37:11Z                 
P0017            2864     733  +2131                  720                     13                        63.0                          0.0  2023-04-11T15:47:41Z                 
P0018            2762     773  +1989                  702                     71                        57.0                          0.0  2023-03-03T22:57:24Z                 
P0019            2515     729  +1786                  661                     68                        55.0                          0.0  2018-11-07T18:40:31Z                 
P0020            2886     750  +2136                  716                     34                        74.0                          0.0  2018-09-08T10:38:47Z                 
P0021            2921     831  +2090                  759                     72                        55.0                          0.0  2024-02-20T20:52:54Z                 
P0022            3349     832  +2517                  820                     12                        52.0                          0.0  2024-10-18T13:34:29Z                 
P0023            3655     980  +2675                  897                     83                        56.0                          0.0  2024-06-10T00:35:23Z                 
P0024            4003     990  +3013                  983                      7                        54.0                          0.0  2024-09-28T23:52:56Z                 
P0025            2640     849  +1791                  702                    147                        80.0                          0.0  2021-12-07T22:14:03Z                 
P0026            2690     678  +2012                  669                      9                        59.0                          0.0  2020-09-03T23:28:03Z                 
P0027            5191    1295  +3896                 1290                      5                        54.0                          0.0  2021-04-07T16:16:05Z                 
P0028            2594     632  +1962                  620                     12                        59.0                          0.0  2021-12-05T05:55:07Z                 
P0029            2876     726  +2150                  717                      9                        56.0                          0.0  2019-08-07T19:38:43Z                 
P0030             100       0   +100                    0                      0                         nan                          nan  nan                                  
P0031            2539     626  +1913                  615                     11                        62.0                          0.0  2025-01-15T02:46:38Z                 
P0032            2296     567  +1729                  556                     11                        57.0                          0.0  2024-08-26T12:49:50Z                 
P0033            2427     490  +1937                  486                      4                        56.5                          0.0  2023-01-17T13:02:20Z                 
P0034             121      31    +90                   27                      4                        64.0                          0.0  2019-10-26T18:43:48Z                 
P0035            2755     696  +2059                  682                     14                        58.0                          0.0  2023-11-07T16:33:28Z                 
P0036            2687     663  +2024                  650                     13                        56.0                          0.0  2020-10-15T02:40:34Z                 
P0037            3521     891  +2630                  861                     30                        57.0                          0.0  2023-07-24T09:27:51Z                 
P0038            2901     738  +2163                  731                      7                        58.0                          0.0  2021-04-14T14:03:22Z                 
P0039            4466    1139  +3327                 1107                     32                        58.0                          0.0  2020-08-29T21:07:47Z                 
P0040            3288     821  +2467                  800                     21                        58.0                          0.0  2021-07-29T12:33:21Z                 
P0041            3138     833  +2305                  806                     27                        62.0                          0.0  2021-05-16T02:48:02Z                 
P0042            3488     917  +2571                  892                     25                        60.0                          0.0  2020-01-22T00:53:15Z                 
P0043            2774     809  +1965                  793                     16                        57.0                          0.0  2021-04-14T12:43:39Z                 
P0044            4239    1045  +3194                 1000                     45                        58.0                          0.0  2020-04-04T15:03:18Z                 
P0045            3993     985  +3008                  930                     55                        63.0                          0.0  2023-08-22T09:38:19Z                 
P0046            3063     896  +2167                  878                     18                        59.0                          0.0  2020-06-19T11:43:00Z                 
P0047             596     141   +455                  137                      4                        60.0                          0.0  2020-01-04T13:04:28Z                 
P0048            3441     872  +2569                  860                     12                        59.0                          0.0  2022-11-17T01:36:32Z                 
P0049            3478     872  +2606                  839                     33                        61.0                          0.0  2021-09-28T16:33:44Z                 
P0050             582     323   +259                  282                     41                        64.0                          2.6  2019-09-10T09:08:49Z                 
P0052            1318     338   +980                  336                      2                        53.0                          0.0  2020-07-05T16:20:41Z                 
P0053            3806    1130  +2676                 1109                     21                        54.0                          0.0  2025-09-05T23:51:02Z                 
P0054            3383     836  +2547                  826                     10                        52.0                          0.0  2022-01-31T17:14:14Z                 
P0056             722     180   +542                  176                      4                        53.0                          0.0  2021-05-24T08:15:58Z                 
P0057            3229     821  +2408                  810                     11                        52.0                          0.0  2026-05-04T05:07:24Z                 
R0001             764     201   +563                  200                      1                        53.0                          0.0  2021-11-20T16:40:41Z                 
R0002            1881     489  +1392                  469                     20                        56.0                          0.0  2026-02-10T01:38:28Z                 
R0003            1920     513  +1407                  500                     13                        56.0                          0.0  2023-05-23T00:28:30Z                 
R0004            1930     501  +1429                  478                     23                        56.0                          0.0  2025-02-13T16:11:01Z                 
R0005            1644     419  +1225                  414                      5                        54.0                          0.0  2022-02-26T07:41:43Z                 
R0006              33       7    +26                    6                      1                        54.5                          0.0  2021-10-08T06:11:09Z                 
R0007            1928     476  +1452                  463                     13                        54.0                          0.0  2021-11-16T10:43:45Z                 
R0058            1343     394   +949                  382                     12                        54.5                          0.0  2021-07-19T07:00:02Z                 
R0059            1736     444  +1292                  441                      3                        54.0                          0.0  2021-08-14T07:39:24Z                 
R0061            6962    1229  +5733                 1187                     42                        63.0                          0.0  2024-02-21T04:55:32Z                 
R0062            7081    1522  +5559                 1485                     37                        64.0                          1.9  2025-04-09T21:49:52Z                 
R0063            1159     451   +708                  401                     50                        61.0                          0.0  2021-12-26T21:45:37Z                 
R0064              19       0    +19                    0                      0                         nan                          nan  nan                                  
R0065             716     221   +495                  213                      8                        59.0                          0.0  2021-05-14T02:22:47Z                 
R0066              44       1    +43                    0                      1                         nan                          nan  nan                                  
R0067             706     218   +488                  198                     20                        62.0                          0.0  2022-02-19T03:27:16Z                 
R0068              20       0    +20                    0                      0                         nan                          nan  nan                                  
R0069            4557    1544  +3013                 1468                     76                        64.0                          1.8  2021-09-14T01:25:21Z                 
R0071            2358     644  +1714                  632                     12                        57.0                          0.0  2023-12-23T08:09:57Z                 
R0072            2402     749  +1653                  733                     16                        57.0                          0.0  2021-12-21T14:41:43Z                 
R0073            6846    1216  +5630                 1196                     20                        59.0                          0.0  2024-11-02T12:24:37Z                 
S0070              24       0    +24                    0                      0                         nan                          nan  nan                                  
S0088              23       0    +23                    0                      0                         nan                          nan  nan                                  
S0089              55       0    +55                    0                      0                         nan                          nan  nan                                  
S0091               9       0     +9                    0                      0                         nan                          nan  nan                                  
S0093              14       0    +14                    0                      0                         nan                          nan  nan                                  
T0095             282      85   +197                   78                      7                        98.0                          0.0  2025-12-11T10:43:53Z                 
T0096             282      76   +206                   68                      8                        99.5                          0.0  2026-05-31T23:26:55Z                 
T0097             413     117   +296                  110                      7                       102.0                          0.0  2025-12-24T11:16:18Z                 
T0098             275      84   +191                   73                     11                        97.0                          0.0  2026-05-28T02:38:20Z                 
T0099             267      78   +189                   65                     13                       100.0                          0.0  2025-10-31T21:14:31Z                 
T0100            1596     998   +598                  851                    147                        59.0                          0.0  2025-01-13T21:21:29Z                 
T0101            1168     430   +738                  384                     46                        65.0                          0.0  2025-02-07T17:39:11Z                 
T0102             472     237   +235                  210                     27                        60.0                          0.0  2025-10-25T12:23:39Z                 
U0106             246      50   +196                   45                      5                        86.0                          0.0  2026-01-24T01:22:50Z                 
U0107             250      55   +195                   52                      3                        90.0                          0.0  2025-10-24T14:29:38Z                 
U0108             221      54   +167                   49                      5                        88.0                          0.0  2026-05-31T12:49:30Z                 
W0109             159      84    +75                   75                      9                       104.0                          4.0  2026-04-10T15:24:46Z                 
W0110             156     108    +48                   81                     27                       114.0                          4.0  2025-10-12T18:18:50Z                 
W0111             249     133   +116                  124                      9                       104.0                          4.5  2026-01-05T19:42:43Z                 
W0112             186     115    +71                   92                     23                       107.0                          3.2  2025-11-20T11:01:11Z                 
W0113             150      72    +78                   64                      8                       101.0                          6.0  2026-03-09T22:09:44Z                 
W0114               8       0     +8                    0                      0                         nan                          nan  nan                                  
W0115              67      35    +32                   32                      3                       103.5                          1.9  2025-03-07T13:09:09Z                 
W0116              71      57    +14                   35                     22                       113.0                          3.4  2025-09-16T15:07:02Z                 
W0117              74      92    -18                   43                     49                       122.0                          3.5  2025-09-14T14:01:34Z                 
W0118              76     129    -53                   44                     85                       126.0                          3.4  2025-07-02T14:22:32Z                 
W0119              74      55    +19                   34                     21                       108.5                          3.8  2025-03-12T13:56:29Z                 
W0120              45      54     -9                   17                     37                       112.0                          3.9  2025-03-07T14:15:50Z                 
W0121             126      46    +80                   37                      9                       107.0                          1.9  2025-09-15T15:34:22Z                 
