R0064   11-Jul-2020 09:39:48    43.682300     7.319667   0.690  0.990      NaN    NaN      NaN   NaN  NaN    14 NaN NaN
R0064   11-Jul-2020 09:55:11    43.682300     7.319633   0.680  0.900    14785    NaN    79739   NaN  NaN   NaN NaN   6
R0064   11-Jul-2020 09:58:12    43.682317     7.319617   0.610  0.820    15270  14921    79740   165   30   NaN NaN NaN
R0064   11-Jul-2020 09:59:30    43.682300     7.319617   0.630  0.860    14847    NaN      NaN   NaN  NaN    14 NaN NaN
R0064   11-Jul-2020 10:03:45    43.682317     7.319617   0.630  0.880      NaN    NaN    79844   NaN  NaN   NaN NaN   1
R0064   11-Jul-2020 10:06:29    43.682317     7.319617   0.640  0.890    15367  14921    79827   170   20   NaN NaN NaN
R0064   11-Jul-2020 10:07:45    43.682317     7.319633   0.640  0.890      NaN    NaN      NaN   NaN  NaN    14 NaN NaN
R0064   11-Jul-2020 10:12:28    43.682317     7.319633   0.640  0.910      NaN    NaN    79944   NaN  NaN   NaN NaN   1
R0064   11-Jul-2020 10:15:17    43.682317     7.319667   0.610  0.820    15389  14921    79971   167   30   NaN NaN NaN
R0064   11-Jul-2020 10:16:35    43.682317     7.319650   0.610  0.830      NaN    NaN      NaN   NaN  NaN    14 NaN NaN
R0064   11-Jul-2020 10:20:38    43.682333     7.319650   0.640  0.890      NaN    NaN    80011   NaN  NaN   NaN NaN   1
R0064   11-Jul-2020 10:23:23    43.682333     7.319650   0.640  0.890    15405  14921    80043   165   30   NaN NaN NaN
R0064   11-Jul-2020 10:24:32    43.682333     7.319667     NaN    NaN      NaN    NaN      NaN   NaN  NaN   NaN NaN NaN
R0064   11-Jul-2020 10:24:43    43.682333     7.319650   0.640  0.900      NaN    NaN      NaN   NaN  NaN    14 NaN NaN
R0064   11-Jul-2020 10:28:36    43.682350     7.319667     NaN    NaN      NaN    NaN      NaN   NaN  NaN   NaN NaN NaN
R0064   11-Jul-2020 10:28:47    43.682350     7.319667   0.620  0.840      NaN    NaN    80095   NaN  NaN   NaN NaN   1
R0064   11-Jul-2020 10:31:25    43.682350     7.319633     NaN    NaN      NaN    NaN      NaN   NaN  NaN   NaN NaN NaN
R0064   11-Jul-2020 10:31:36    43.682367     7.319633   0.620  0.850    15414  14921    80123   170   20   NaN NaN NaN
R0064   11-Jul-2020 10:32:56    43.682417     7.319617   0.620  0.850      NaN    NaN      NaN   NaN  NaN   NaN NaN NaN
