S0070   02-Jun-2021 08:36:34    43.682500     7.319650   0.730  0.990      NaN    NaN      NaN   NaN  NaN    12 NaN NaN
S0070   02-Jun-2021 08:43:27    43.682500     7.319650   0.720  0.980    14610    NaN      NaN   NaN  NaN    11 NaN NaN
S0070   02-Jun-2021 08:51:44    43.682517     7.319633   0.740  1.030      NaN    NaN      NaN   NaN  NaN    11 NaN NaN
S0070   02-Jun-2021 08:56:58    43.682533     7.319650   0.730  1.020      NaN    NaN    79229   NaN  NaN   NaN NaN   1
S0070   02-Jun-2021 08:59:45    43.682533     7.319650   0.730  1.020    15245  14670    79238    88   10   NaN NaN NaN
S0070   02-Jun-2021 09:01:06    43.682517     7.319650   0.730  1.010      NaN    NaN      NaN   NaN  NaN    11 NaN   1
S0070   02-Jun-2021 09:11:30    43.682533     7.319650   0.720  0.980      NaN    NaN      NaN   NaN  NaN   NaN NaN NaN
S0070   02-Jun-2021 09:17:30    43.682533     7.319667   0.780  1.070      NaN    NaN    79286   NaN  NaN   NaN NaN NaN
S0070   02-Jun-2021 09:20:19    43.682533     7.319650   0.780  1.080    15354  14670    79259    84   20   NaN NaN NaN
S0070   02-Jun-2021 09:21:43    43.682533     7.319650   0.790  1.090      NaN    NaN      NaN   NaN  NaN    11 NaN   1
S0070   02-Jun-2021 09:32:12    43.682533     7.319633   0.820  1.130      NaN    NaN      NaN   NaN  NaN   NaN NaN NaN
S0070   02-Jun-2021 09:35:42    43.682533     7.319650   0.880  1.270      NaN    NaN    79305   NaN  NaN    11 NaN NaN
S0070   02-Jun-2021 09:38:35    43.682533     7.319650   0.800  0.960    15365  14670    79249    83   10   NaN NaN NaN
S0070   02-Jun-2021 09:40:00    43.682533     7.319650   0.780  0.930      NaN    NaN      NaN   NaN  NaN    11 NaN   1
S0070   02-Jun-2021 09:50:28    43.682533     7.319650   0.700  0.910      NaN    NaN      NaN   NaN  NaN   NaN NaN NaN
S0070   02-Jun-2021 09:54:03    43.682550     7.319650   0.700  0.920      NaN    NaN    79315   NaN  NaN    11 NaN NaN
S0070   02-Jun-2021 09:56:54    43.682550     7.319667   0.700  0.930    15370  14670    79342    74   10   NaN NaN NaN
S0070   02-Jun-2021 09:58:18    43.682550     7.319667   0.700  0.930      NaN    NaN      NaN   NaN  NaN    11 NaN   1
S0070   02-Jun-2021 10:08:45    43.682533     7.319650   0.780  1.080      NaN    NaN      NaN   NaN  NaN    11 NaN NaN
S0070   02-Jun-2021 10:12:03    43.682533     7.319650   0.740  1.030      NaN    NaN    79337   NaN  NaN   NaN NaN NaN
S0070   02-Jun-2021 10:14:53    43.682533     7.319667   0.740  1.040    15378  14670    79350    80   20   NaN NaN NaN
S0070   02-Jun-2021 10:16:17    43.682550     7.319683   0.740  1.050      NaN    NaN      NaN   NaN  NaN    11 NaN   1
S0070   02-Jun-2021 10:26:43    43.699333     7.308850   0.980  1.560    15286    NaN      NaN   NaN  NaN     5 NaN NaN
S0070   02-Jun-2021 10:30:01    43.699600     7.308500   0.950  1.380    14847    NaN    79524   NaN  NaN   NaN NaN NaN
