S0093   23-Jul-2021 09:18:11    43.682417     7.319417   0.500  0.730      NaN    NaN      NaN   NaN  NaN   NaN NaN NaN
S0093   23-Jul-2021 09:31:21    43.682450     7.319433   0.500  0.780    14785    NaN      NaN   NaN  NaN    11 NaN   2
S0093   23-Jul-2021 09:34:45    43.682450     7.319433   0.490  0.730    14837    NaN    80799   NaN  NaN   NaN NaN NaN
S0093   23-Jul-2021 09:37:27    43.682450     7.319450   0.470  0.710    15315  14883    80815   153   10   NaN NaN NaN
S0093   23-Jul-2021 09:38:40    43.682450     7.319450   0.480  0.700    15185    NaN      NaN   NaN  NaN    11 NaN   1
S0093   23-Jul-2021 09:48:59    43.682450     7.319417   0.520  0.740      NaN    NaN      NaN   NaN  NaN   NaN NaN NaN
S0093   23-Jul-2021 09:52:36    43.682450     7.319450   0.510  0.760      NaN    NaN    80946   NaN  NaN    11 NaN NaN
S0093   23-Jul-2021 09:55:18    43.682450     7.319417   0.490  0.780    15430  14883    80976   151   20   NaN NaN NaN
S0093   23-Jul-2021 09:56:31    43.682450     7.319400   0.520  0.730      NaN    NaN      NaN   NaN  NaN    11 NaN   1
S0093   23-Jul-2021 10:06:49    43.682467     7.319417   0.470  0.750      NaN    NaN      NaN   NaN  NaN   NaN NaN NaN
S0093   23-Jul-2021 10:10:43    43.682450     7.319433   0.490  0.870      NaN    NaN    81081   NaN  NaN    11 NaN NaN
S0093   23-Jul-2021 10:13:25    43.682450     7.319433   0.500  0.780    15443  14883    81085   151   20   NaN NaN NaN
S0093   23-Jul-2021 10:14:38    43.682450     7.319433   0.500  0.780      NaN    NaN      NaN   NaN  NaN    67 NaN NaN
S0093   23-Jul-2021 10:17:52    43.682467     7.319450   0.490  0.860      NaN    NaN      NaN   NaN  NaN    11 NaN   1
