T0102   15-Apr-2023 03:54:21    43.682367     7.319717   1.300  2.130      NaN    NaN      NaN   NaN  NaN     9 NaN NaN
T0102   15-Apr-2023 04:00:08    43.682350     7.319683   0.800  1.110      NaN    NaN      NaN   NaN  NaN   NaN NaN NaN
T0102   15-Apr-2023 04:16:12    43.682367     7.319667   0.850  1.150      NaN    NaN      NaN   NaN  NaN     8 NaN NaN
T0102   15-Apr-2023 04:21:54    43.682367     7.319700   1.040  1.310      NaN    NaN      NaN   NaN  NaN     8 NaN NaN
T0102   15-Apr-2023 04:25:50    43.682383     7.319733   0.680  1.050      NaN    NaN    76011   NaN  NaN   NaN NaN   1
T0102   15-Apr-2023 04:28:15    43.682367     7.319733   0.760  1.260    15032  14641    76045   273  110   NaN NaN NaN
T0102   15-Apr-2023 04:30:07    43.682400     7.319733   0.810  1.310      NaN    NaN      NaN   NaN  NaN   NaN NaN NaN
T0102   15-Apr-2023 04:40:23    43.682350     7.319733   0.790  1.270      NaN    NaN      NaN   NaN  NaN   NaN NaN NaN
T0102   15-Apr-2023 04:43:10    43.682350     7.319733   0.840  1.280      NaN    NaN    76001   NaN  NaN     8 NaN NaN
T0102   15-Apr-2023 04:45:36    43.682350     7.319717   0.710  1.130    15125  14641    76002   259  110   NaN NaN NaN
T0102   15-Apr-2023 04:47:29    43.682367     7.319717   0.700  1.160      NaN    NaN      NaN   NaN  NaN     8 NaN NaN
T0102   15-Apr-2023 04:57:45    43.682317     7.319750   0.830  1.340      NaN    NaN      NaN   NaN  NaN   NaN NaN NaN
T0102   15-Apr-2023 05:01:24    43.682300     7.319767   0.670  1.030      NaN    NaN    76046   NaN  NaN     8 NaN NaN
T0102   15-Apr-2023 05:03:49    43.682317     7.319750   0.640  1.070    15153  14641    75972   254  120   NaN NaN NaN
T0102   15-Apr-2023 05:05:42    43.682333     7.319733   0.620  1.000      NaN    NaN      NaN   NaN  NaN     8 NaN NaN
T0102   15-Apr-2023 05:15:58    43.682300     7.319733   0.630  0.990      NaN    NaN      NaN   NaN  NaN   NaN NaN NaN
T0102   15-Apr-2023 05:18:45    43.682333     7.319717   0.620  1.010      NaN    NaN    76001   NaN  NaN     8 NaN NaN
T0102   15-Apr-2023 05:21:11    43.682333     7.319717   0.630  0.980    15177  14641    76011   271   90   NaN NaN NaN
T0102   15-Apr-2023 05:23:04    43.682317     7.319717   0.630  0.990      NaN    NaN      NaN   NaN  NaN   NaN NaN NaN
T0102   15-Apr-2023 05:33:20    43.682333     7.319717   0.620  1.010      NaN    NaN      NaN   NaN  NaN     8 NaN NaN
T0102   15-Apr-2023 05:36:20    43.682350     7.319700   0.630  1.040      NaN    NaN    76042   NaN  NaN     8 NaN NaN
T0102   15-Apr-2023 05:38:45    43.682333     7.319700   0.620  1.020    15118  14641    75987   259   60   NaN NaN NaN
T0102   15-Apr-2023 05:40:38    43.682350     7.319717   0.620  0.990      NaN    NaN      NaN   NaN  NaN     8 NaN NaN
T0102   15-Apr-2023 05:50:54    43.682350     7.319717   0.680  1.200      NaN    NaN      NaN   NaN  NaN   NaN NaN NaN
T0102   15-Apr-2023 05:53:53    43.682350     7.319717   0.610  1.030      NaN    NaN    76025   NaN  NaN     8 NaN NaN
T0102   15-Apr-2023 05:56:19    43.682333     7.319733   0.600  0.990    15156  14641    76023   254  150   NaN NaN NaN
T0102   15-Apr-2023 05:58:12    43.682350     7.319717   0.600  0.990      NaN    NaN      NaN   NaN  NaN     8 NaN NaN
T0102   15-Apr-2023 06:08:27    43.682350     7.319717   0.680  1.080      NaN    NaN      NaN   NaN  NaN   NaN NaN NaN
T0102   15-Apr-2023 06:11:25    43.682350     7.319717   0.580  0.900      NaN    NaN    76039   NaN  NaN     9 NaN NaN
T0102   15-Apr-2023 06:13:51    43.682350     7.319733   0.620  0.910    15172  14641    76043   251  110   NaN NaN NaN
T0102   15-Apr-2023 06:15:44    43.682350     7.319733   0.590  1.020      NaN    NaN      NaN   NaN  NaN   NaN NaN NaN
T0102   15-Apr-2023 06:26:00    43.682367     7.319733   0.570  0.860      NaN    NaN      NaN   NaN  NaN     8 NaN NaN
T0102   15-Apr-2023 06:29:05    43.682367     7.319733   0.580  0.870      NaN    NaN    76108   NaN  NaN     8 NaN NaN
T0102   15-Apr-2023 06:31:31    43.682333     7.319750   0.690  0.920    15113  14641    76059   239   90   NaN NaN NaN
T0102   15-Apr-2023 06:33:24    43.682350     7.319733   0.560  0.880      NaN    NaN      NaN   NaN  NaN     8 NaN NaN
T0102   15-Apr-2023 06:43:40    43.682383     7.319700   0.610  0.920      NaN    NaN      NaN   NaN  NaN   NaN NaN NaN
T0102   15-Apr-2023 06:45:51    43.682300     7.319700  10.480  1.000      NaN    NaN    76119   NaN  NaN   NaN NaN NaN
T0102   15-Apr-2023 06:48:16    43.682317     7.319817   0.590  1.060    15201  14641    76115   265   90   NaN NaN NaN
T0102   15-Apr-2023 06:50:09    43.682350     7.319767   0.560  0.990      NaN    NaN      NaN   NaN  NaN   NaN NaN NaN
T0102   01-Jun-2023 08:11:15    35.321167   139.650967   0.710  1.060    15233    NaN    79984   NaN  NaN   NaN NaN NaN
T0102   20-Jun-2023 06:30:48    29.653733   141.596500   2.230  2.630      NaN    NaN      NaN   NaN  NaN   NaN NaN NaN
T0102   20-Jun-2023 06:35:16    29.653817   141.596383   1.390  2.030      NaN    NaN      NaN   NaN  NaN     0 NaN NaN
T0102   20-Jun-2023 06:41:13    29.653967   141.596200   1.140  1.860      NaN    NaN      NaN   NaN  NaN   NaN NaN NaN
T0102   20-Jun-2023 06:50:18    29.654017   141.596000   0.660  1.290      NaN    NaN      NaN   NaN  NaN    14 NaN NaN
T0102   20-Jun-2023 06:57:13    29.652667   141.594433   0.690  1.330    14840    NaN    80520   NaN  NaN   NaN NaN   6
T0102   20-Jun-2023 09:44:59    29.633967   141.573567   1.370  3.220    15018  14795    79163   255  240   NaN NaN NaN
T0102   20-Jun-2023 09:46:52    29.633850   141.572817   1.350  2.420    14478    NaN      NaN   NaN  NaN    16 NaN NaN
T0102   20-Jun-2023 09:57:09    29.633200   141.568700   0.650  1.280      NaN    NaN      NaN   NaN  NaN   NaN NaN   2
T0102   20-Jun-2023 10:01:18    29.632933   141.567083   0.830  2.210    14876    NaN    79406   NaN  NaN    18 NaN NaN
T0102   21-Jun-2023 11:23:00    29.612400   141.603600   1.220  1.790    14757  14335    76599   255   90   NaN NaN NaN
T0102   21-Jun-2023 11:24:53    29.612467   141.603083   0.790  1.610    14671    NaN      NaN   NaN  NaN   NaN NaN NaN
T0102   21-Jun-2023 11:36:28    29.612800   141.599900   0.620  1.330    14683    NaN      NaN   NaN  NaN    20 NaN   2
T0102   21-Jun-2023 11:40:07    29.612883   141.598917   0.590  1.330    14428    NaN    76875   NaN  NaN   NaN NaN NaN
T0102   01-Jul-2023 10:42:03    29.645067   141.940300   1.680  4.370    14774  14273    75591   280   80   NaN NaN NaN
T0102   01-Jul-2023 10:43:56    29.645117   141.940250   1.780  4.870      NaN    NaN      NaN   NaN  NaN     0 NaN NaN
T0102   01-Jul-2023 10:47:17    29.645183   141.940033   0.870  2.630    14503    NaN      NaN   NaN  NaN    20 NaN NaN
T0102   01-Jul-2023 10:57:34    29.645400   141.939467   0.700  2.610      NaN    NaN      NaN   NaN  NaN   NaN NaN   2
T0102   01-Jul-2023 11:01:06    29.645467   141.939267   0.630  2.040    14793    NaN    76226   NaN  NaN    20 NaN NaN
T0102   11-Jul-2023 07:41:17    29.695783   142.043100   1.050  3.160    14821  14273    75720   275  100   NaN NaN NaN
T0102   11-Jul-2023 07:43:10    29.695367   142.043067   1.050  3.280      NaN    NaN      NaN   NaN  NaN   NaN NaN NaN
T0102   11-Jul-2023 08:01:14    29.691133   142.042150   0.720  1.360    14778    NaN    76681   NaN  NaN   NaN NaN   2
T0102   21-Jul-2023 04:23:39    29.545283   142.036700   1.310  2.810    14825  14273    75761   284  100   NaN NaN NaN
T0102   21-Jul-2023 04:40:30    29.540767   142.033867   0.560  1.060      NaN    NaN      NaN   NaN  NaN    21 NaN NaN
T0102   21-Jul-2023 04:49:47    29.538133   142.032483   0.560  0.970    14558    NaN      NaN   NaN  NaN    22 NaN NaN
T0102   21-Jul-2023 04:59:00    29.535467   142.031050   0.600  1.010      NaN    NaN      NaN   NaN  NaN   NaN NaN NaN
T0102   21-Jul-2023 05:12:21    29.531450   142.028800   0.600  0.950    14918    NaN    77291   NaN  NaN   NaN NaN   1
T0102   31-Jul-2023 03:45:38    29.551083   142.245600   2.530  7.140    14845  14273    75146   295   80   NaN NaN NaN
T0102   31-Jul-2023 03:47:30    29.550917   142.245750   1.210  3.530      NaN    NaN      NaN   NaN  NaN    21 NaN NaN
T0102   31-Jul-2023 03:58:08    29.550200   142.246183   0.680  1.210      NaN    NaN      NaN   NaN  NaN   NaN NaN   2
T0102   31-Jul-2023 04:10:36    29.549433   142.246550   0.600  1.020    14926    NaN    76365   NaN  NaN    22 NaN NaN
T0102   10-Aug-2023 02:46:27    30.000467   142.065717   8.020  7.510    14884  14273    76028   243   80   NaN NaN NaN
T0102   10-Aug-2023 02:49:41    30.000033   142.065217   1.600  3.150      NaN    NaN      NaN   NaN  NaN   NaN NaN NaN
T0102   10-Aug-2023 02:56:42    29.999200   142.064150   1.140  1.820    14687    NaN      NaN   NaN  NaN    21 NaN NaN
T0102   10-Aug-2023 03:09:13    29.997883   142.062217   1.030  1.490    14858    NaN    76493   NaN  NaN   NaN NaN   2
T0102   20-Aug-2023 01:24:08    30.477783   141.657733   1.440  2.480    14943  14273    76750   219  140   NaN NaN NaN
T0102   20-Aug-2023 01:26:01    30.477800   141.657633   1.440  2.500      NaN    NaN      NaN   NaN  NaN    21 NaN NaN
T0102   20-Aug-2023 01:37:28    30.477750   141.657117   0.860  1.420      NaN    NaN      NaN   NaN  NaN   NaN NaN   2
T0102   20-Aug-2023 01:41:45    30.477767   141.656900   0.790  1.350    14897    NaN    77797   NaN  NaN    21 NaN NaN
T0102   30-Aug-2023 00:01:43    30.624600   141.545517   1.780  3.700    14916  14273    75659   263  150   NaN NaN NaN
T0102   30-Aug-2023 00:03:36    30.624067   141.545317   1.720  3.590      NaN    NaN      NaN   NaN  NaN    21 NaN NaN
T0102   30-Aug-2023 00:17:35    30.620450   141.543500   1.110  2.300      NaN    NaN      NaN   NaN  NaN   NaN NaN   2
T0102   30-Aug-2023 00:29:42    30.617550   141.541417   0.890  1.810    14962    NaN    77033   NaN  NaN    21 NaN NaN
T0102   08-Sep-2023 23:19:57    30.642100   141.479167   7.060  6.680    14975  14273    77115   215  140   NaN NaN NaN
T0102   08-Sep-2023 23:21:50    30.642900   141.479467   3.790  2.750      NaN    NaN      NaN   NaN  NaN    22 NaN NaN
T0102   08-Sep-2023 23:28:09    30.642683   141.479600   2.350  2.240    14552    NaN      NaN   NaN  NaN    23 NaN NaN
T0102   08-Sep-2023 23:38:30    30.641850   141.479483   1.630  2.040    14880    NaN    76631   NaN  NaN   NaN NaN   2
T0102   18-Sep-2023 21:59:30    30.677500   141.340417   1.120  1.820    14980  14273    76654   235   60   NaN NaN NaN
T0102   18-Sep-2023 22:01:23    30.677050   141.339850   1.100  1.640    14682    NaN      NaN   NaN  NaN   NaN NaN NaN
T0102   18-Sep-2023 22:17:21    30.673700   141.335733   0.660  1.340      NaN    NaN      NaN   NaN  NaN    23 NaN NaN
T0102   18-Sep-2023 22:24:21    30.672300   141.333967   0.660  1.050    14917    NaN    77807   NaN  NaN   NaN NaN   1
T0102   29-Sep-2023 05:14:08    30.838350   141.176733   0.900  1.970    15020  14273    76720   235  130   NaN NaN NaN
T0102   29-Sep-2023 05:16:00    30.838150   141.176483   0.680  1.290    14655    NaN      NaN   NaN  NaN    20 NaN NaN
T0102   29-Sep-2023 05:26:58    30.837150   141.174817   0.540  0.970      NaN    NaN      NaN   NaN  NaN    21 NaN NaN
T0102   29-Sep-2023 05:31:59    30.836767   141.173950   0.520  0.880      NaN    NaN    77968   NaN  NaN   NaN NaN   1
T0102   09-Oct-2023 11:41:24    30.681500   140.829750   0.950  2.300    14980  14273    76085   243   90   NaN NaN NaN
T0102   09-Oct-2023 11:43:17    30.681783   140.829550   0.940  2.030      NaN    NaN      NaN   NaN  NaN    20 NaN NaN
T0102   09-Oct-2023 11:52:40    30.683400   140.828383   0.880  1.730      NaN    NaN      NaN   NaN  NaN   NaN NaN NaN
T0102   09-Oct-2023 12:05:05    30.685567   140.826717   0.630  1.480      NaN    NaN      NaN   NaN  NaN    20 NaN NaN
T0102   09-Oct-2023 12:12:06    30.686733   140.825800   0.630  1.450      NaN    NaN    77500   NaN  NaN   NaN NaN   1
T0102   19-Oct-2023 07:17:01    30.089933   140.638433   1.060  1.740    14919  14273    75256   249  150   NaN NaN NaN
T0102   19-Oct-2023 07:33:52    30.090283   140.631550   0.640  1.020      NaN    NaN      NaN   NaN  NaN    20 NaN NaN
T0102   19-Oct-2023 07:41:29    30.090600   140.628433   0.650  1.030      NaN    NaN      NaN   NaN  NaN   NaN NaN NaN
T0102   19-Oct-2023 07:53:28    30.091267   140.623667   0.690  1.040      NaN    NaN    76511   NaN  NaN   NaN NaN   1
T0102   29-Oct-2023 06:55:09    29.679033   140.372800   1.530  2.050    14948  14273    73769   209  110   NaN NaN NaN
T0102   29-Oct-2023 06:57:02    29.678933   140.372683   1.090  1.700      NaN    NaN      NaN   NaN  NaN    20 NaN NaN
T0102   29-Oct-2023 07:13:49    29.677933   140.371700   0.790  1.350      NaN    NaN      NaN   NaN  NaN   NaN NaN NaN
T0102   29-Oct-2023 07:24:29    29.677417   140.371183   0.620  1.000      NaN    NaN      NaN   NaN  NaN    20 NaN NaN
T0102   29-Oct-2023 07:29:43    29.677067   140.370950   0.690  1.020      NaN    NaN    73967   NaN  NaN    23 NaN   1
T0102   08-Nov-2023 04:25:39    29.706383   140.139733   1.630  3.450    14963  14273    71994   209  130   NaN NaN NaN
T0102   08-Nov-2023 04:27:32    29.706117   140.139650   1.660  3.480      NaN    NaN      NaN   NaN  NaN   NaN NaN NaN
T0102   08-Nov-2023 04:34:41    29.705050   140.139183   0.830  1.360      NaN    NaN      NaN   NaN  NaN   NaN NaN NaN
T0102   08-Nov-2023 04:47:11    29.702983   140.138750   0.780  1.320      NaN    NaN      NaN   NaN  NaN    20 NaN NaN
T0102   08-Nov-2023 04:57:35    29.701250   140.138567   0.850  1.770      NaN    NaN      NaN   NaN  NaN   NaN NaN NaN
T0102   08-Nov-2023 05:02:36    29.700483   140.138533   0.830  1.570      NaN    NaN      NaN   NaN  NaN    20 NaN NaN
T0102   08-Nov-2023 05:22:39    29.697217   140.138783   0.970  1.760      NaN    NaN    72718   NaN  NaN   NaN NaN   1
T0102   18-Nov-2023 00:25:41    29.657983   139.983883   1.320  3.260    14951  14273    69368   201   80   NaN NaN NaN
T0102   18-Nov-2023 00:27:34    29.657967   139.985017   1.190  2.020      NaN    NaN      NaN   NaN  NaN    20 NaN NaN
T0102   18-Nov-2023 00:40:49    29.658150   139.992200   0.850  2.010      NaN    NaN      NaN   NaN  NaN    20 NaN NaN
T0102   18-Nov-2023 00:49:05    29.658367   139.996633   0.810  2.010      NaN    NaN    70098   NaN  NaN   NaN NaN   1
T0102   27-Nov-2023 19:27:10    29.649150   140.033733   1.650  2.710    15008  14273    68209   190  110   NaN NaN NaN
T0102   27-Nov-2023 19:29:03    29.648733   140.034117   1.410  2.730      NaN    NaN      NaN   NaN  NaN   NaN NaN NaN
T0102   27-Nov-2023 19:32:47    29.647983   140.034783   1.200  2.040      NaN    NaN      NaN   NaN  NaN    20 NaN NaN
T0102   27-Nov-2023 19:45:00    29.645533   140.037000   0.950  1.460      NaN    NaN      NaN   NaN  NaN    20 NaN NaN
T0102   27-Nov-2023 19:57:50    29.643117   140.039617   0.800  1.050      NaN    NaN    68846   NaN  NaN   NaN NaN   1
T0102   07-Dec-2023 14:39:29    29.550867   140.128850   0.960  2.270    14988  14273    66853   201  120   NaN NaN NaN
T0102   07-Dec-2023 14:41:22    29.550733   140.128583   0.890  2.020      NaN    NaN      NaN   NaN  NaN    20 NaN NaN
T0102   07-Dec-2023 14:55:22    29.549700   140.126633   0.800  1.780      NaN    NaN      NaN   NaN  NaN   NaN NaN   2
T0102   07-Dec-2023 14:59:58    29.549367   140.125883   0.730  1.380      NaN    NaN    67464   NaN  NaN    20 NaN NaN
T0102   17-Dec-2023 10:03:57    29.430800   140.170350   1.220  2.280    15009  14273    65901   198  150   NaN NaN NaN
T0102   17-Dec-2023 10:05:50    29.430533   140.170067   1.220  2.110      NaN    NaN      NaN   NaN  NaN   NaN NaN NaN
T0102   17-Dec-2023 10:10:36    29.429900   140.169250   1.190  1.970      NaN    NaN      NaN   NaN  NaN    20 NaN NaN
T0102   17-Dec-2023 10:20:53    29.428500   140.167767   1.140  1.840      NaN    NaN      NaN   NaN  NaN   NaN NaN   2
T0102   17-Dec-2023 10:24:56    29.428033   140.167083   1.150  1.840      NaN    NaN    64875   NaN  NaN    20 NaN NaN
T0102   27-Dec-2023 04:58:40    29.423717   140.134033   1.670  3.960    15044  14273    64404   146  110   NaN NaN NaN
T0102   27-Dec-2023 05:00:33    29.423483   140.134200   1.070  2.150      NaN    NaN      NaN   NaN  NaN   NaN NaN NaN
T0102   27-Dec-2023 05:14:33    29.421733   140.135517   0.650  1.520      NaN    NaN      NaN   NaN  NaN    20 NaN NaN
T0102   27-Dec-2023 05:25:27    29.420183   140.136450   0.600  1.590      NaN    NaN    65071   NaN  NaN   NaN NaN   1
T0102   05-Jan-2024 23:42:00    29.030583   140.205250   1.000  2.260    14995  14273    64225   157  110   NaN NaN NaN
T0102   05-Jan-2024 23:43:53    29.030433   140.205367   0.810  1.630      NaN    NaN      NaN   NaN  NaN    20 NaN NaN
T0102   05-Jan-2024 23:57:10    29.029367   140.205783   0.550  0.800      NaN    NaN      NaN   NaN  NaN   NaN NaN NaN
T0102   06-Jan-2024 00:07:44    29.028350   140.206133   0.620  0.800      NaN    NaN    64870   NaN  NaN    20 NaN   1
T0102   15-Jan-2024 18:40:10    28.863300   140.615450   2.810  6.240    14967  14273    63383   182   90   NaN NaN NaN
T0102   15-Jan-2024 18:42:03    28.863367   140.615617   2.770  6.310      NaN    NaN      NaN   NaN  NaN    20 NaN NaN
T0102   15-Jan-2024 18:51:17    28.863217   140.616367   1.110  1.870      NaN    NaN      NaN   NaN  NaN   NaN NaN NaN
T0102   15-Jan-2024 18:54:28    28.863250   140.616617   0.920  1.950      NaN    NaN      NaN   NaN  NaN    20 NaN NaN
T0102   15-Jan-2024 19:02:00    28.863150   140.617233   0.860  1.620      NaN    NaN    62250   NaN  NaN   NaN NaN   1
T0102   25-Jan-2024 13:28:02    28.639000   141.023383   1.590  3.440    14942  14273    59694   215  140   NaN NaN NaN
T0102   25-Jan-2024 13:44:53    28.639400   141.019433   0.780  1.400      NaN    NaN      NaN   NaN  NaN   NaN NaN NaN
T0102   25-Jan-2024 13:47:43    28.639433   141.018733   0.790  1.400      NaN    NaN      NaN   NaN  NaN   NaN NaN NaN
T0102   25-Jan-2024 13:51:41    28.639533   141.017750   0.820  1.530      NaN    NaN      NaN   NaN  NaN     0 NaN NaN
T0102   25-Jan-2024 13:55:00    28.639533   141.017017   0.970  1.660      NaN    NaN      NaN   NaN  NaN    20 NaN NaN
T0102   25-Jan-2024 14:09:18    28.640033   141.014017   0.820  1.290      NaN    NaN    60389   NaN  NaN   NaN NaN   2
T0102   04-Feb-2024 08:42:28    28.889483   141.116600   3.050  4.510    14953  14273    58580   181  120   NaN NaN NaN
T0102   04-Feb-2024 08:44:21    28.889267   141.117100   2.570  4.540      NaN    NaN      NaN   NaN  NaN    21 NaN NaN
T0102   04-Feb-2024 09:05:06    28.886967   141.122650   0.770  1.440      NaN    NaN      NaN   NaN  NaN   NaN NaN NaN
T0102   04-Feb-2024 09:21:37    28.884833   141.126550   0.860  1.320      NaN    NaN    58993   NaN  NaN   NaN NaN   1
T0102   14-Feb-2024 04:06:37    28.845850   141.086283   2.240  5.790    14995  14273    58280   160  120   NaN NaN NaN
T0102   14-Feb-2024 04:08:36    28.845683   141.086467   2.130  5.360      NaN    NaN      NaN   NaN  NaN    21 NaN NaN
T0102   14-Feb-2024 04:18:47    28.845317   141.087467   0.750  1.660      NaN    NaN      NaN   NaN  NaN   NaN NaN   2
T0102   14-Feb-2024 04:22:52    28.845167   141.087917   0.680  1.550      NaN    NaN    58778   NaN  NaN    20 NaN NaN
T0102   23-Feb-2024 23:51:50    29.031250   141.163650   1.850  4.250    14991  14273    57873   175   60   NaN NaN NaN
T0102   23-Feb-2024 23:53:43    29.031050   141.162967   1.810  4.290      NaN    NaN      NaN   NaN  NaN    21 NaN NaN
T0102   24-Feb-2024 00:03:59    29.030050   141.159067   0.910  1.700      NaN    NaN      NaN   NaN  NaN   NaN NaN   2
T0102   24-Feb-2024 00:08:27    29.029533   141.157500   0.810  1.660      NaN    NaN    58373   NaN  NaN    21 NaN NaN
T0102   04-Mar-2024 19:44:10    29.126700   141.279017   1.120  1.350    15032  14273    58024   123  110   NaN NaN NaN
T0102   04-Mar-2024 19:46:03    29.126333   141.278467   1.110  1.350      NaN    NaN      NaN   NaN  NaN    20 NaN NaN
T0102   04-Mar-2024 19:58:12    29.124400   141.274800   0.650  0.960      NaN    NaN      NaN   NaN  NaN   NaN NaN   2
T0102   04-Mar-2024 20:02:25    29.123700   141.273483   0.540  0.740      NaN    NaN    58444   NaN  NaN    21 NaN NaN
T0102   14-Mar-2024 14:36:01    29.097967   141.235567   1.300  2.590    15000  14273    57702   141  150   NaN NaN NaN
T0102   14-Mar-2024 14:37:54    29.098250   141.235383   1.290  2.590      NaN    NaN      NaN   NaN  NaN    20 NaN NaN
T0102   14-Mar-2024 14:48:10    29.099700   141.234200   0.780  1.810      NaN    NaN      NaN   NaN  NaN   NaN NaN   2
T0102   14-Mar-2024 14:56:02    29.100833   141.233250   0.770  1.630      NaN    NaN    58125   NaN  NaN    21 NaN NaN
T0102   24-Mar-2024 09:32:01    29.116383   141.107117   1.270  2.370    15016  14273    57816   136  110   NaN NaN NaN
T0102   24-Mar-2024 09:33:58    29.116300   141.107183   1.260  2.050      NaN    NaN      NaN   NaN  NaN   NaN NaN NaN
T0102   24-Mar-2024 09:47:00    29.115950   141.107350   0.830  1.030      NaN    NaN      NaN   NaN  NaN   NaN NaN   2
T0102   24-Mar-2024 09:51:33    29.115817   141.107400   0.740  1.120      NaN    NaN    58226   NaN  NaN    20 NaN NaN
T0102   03-Apr-2024 04:58:30    29.262717   141.212267   1.320  2.200    15002  14273    57314   150  110   NaN NaN NaN
T0102   03-Apr-2024 05:00:23    29.263050   141.212767   0.950  1.730      NaN    NaN      NaN   NaN  NaN    20 NaN NaN
T0102   03-Apr-2024 05:17:07    29.265917   141.217250   0.660  1.420      NaN    NaN      NaN   NaN  NaN   NaN NaN NaN
T0102   03-Apr-2024 05:22:15    29.266783   141.218650   0.700  1.650      NaN    NaN      NaN   NaN  NaN    20 NaN NaN
T0102   03-Apr-2024 05:26:29    29.267517   141.219783   0.700  1.430      NaN    NaN      NaN   NaN  NaN   NaN NaN NaN
T0102   03-Apr-2024 05:37:39    29.269317   141.222850   0.740  1.730      NaN    NaN    57619   NaN  NaN    21 NaN   1
T0102   13-Apr-2024 00:58:57    29.306883   141.348750   1.420  2.290    15028  14273    57211   105  100   NaN NaN NaN
T0102   13-Apr-2024 01:00:50    29.306800   141.348817   1.420  2.250      NaN    NaN      NaN   NaN  NaN    21 NaN NaN
T0102   13-Apr-2024 01:16:31    29.306117   141.349633   0.600  1.110      NaN    NaN      NaN   NaN  NaN     0 NaN NaN
T0102   13-Apr-2024 01:20:01    29.306017   141.349767   0.610  0.950      NaN    NaN      NaN   NaN  NaN    20 NaN NaN
T0102   13-Apr-2024 01:28:03    29.305833   141.350067   0.620  0.930      NaN    NaN      NaN   NaN  NaN    20 NaN NaN
T0102   13-Apr-2024 01:34:20    29.305683   141.350350   0.600  0.920      NaN    NaN    57822   NaN  NaN   NaN NaN   1
T0102   22-Apr-2024 21:11:01    29.406633   141.414117   2.030  6.930    15025  14273    57201   116  150   NaN NaN NaN
T0102   22-Apr-2024 21:12:53    29.406183   141.414583   1.790  5.870      NaN    NaN      NaN   NaN  NaN     0 NaN NaN
T0102   22-Apr-2024 21:16:38    29.405233   141.415467   1.750  3.790      NaN    NaN      NaN   NaN  NaN    20 NaN NaN
T0102   22-Apr-2024 21:26:55    29.402700   141.418050   0.780  1.480      NaN    NaN      NaN   NaN  NaN   NaN NaN   2
T0102   22-Apr-2024 21:32:03    29.401450   141.419350   0.810  1.740      NaN    NaN    57552   NaN  NaN    22 NaN NaN
T0102   02-May-2024 16:12:19    29.520717   141.451417   1.300  1.910    14964  14273    55434   173  130   NaN NaN NaN
T0102   02-May-2024 16:29:10    29.522183   141.450517   0.820  1.310      NaN    NaN      NaN   NaN  NaN    20 NaN NaN
T0102   02-May-2024 16:37:36    29.522883   141.450100   0.850  1.310      NaN    NaN      NaN   NaN  NaN   NaN NaN NaN
T0102   02-May-2024 16:42:52    29.523333   141.449817   0.850  1.300      NaN    NaN    55859   NaN  NaN    20 NaN   1
T0102   12-May-2024 12:07:24    29.418350   141.515300   1.250  2.050    14944  14273    54116   179  150   NaN NaN NaN
T0102   12-May-2024 12:09:17    29.418317   141.515200   3.780  3.630      NaN    NaN      NaN   NaN  NaN   NaN NaN NaN
T0102   12-May-2024 12:25:18    29.417900   141.514783   0.670  1.400      NaN    NaN    54537   NaN  NaN   NaN NaN   3
T0102   22-May-2024 07:54:01    29.505467   141.428000   2.380  4.990    14991  14273    54308   117  110   NaN NaN NaN
T0102   22-May-2024 07:55:53    29.505400   141.427533   2.330  4.930      NaN    NaN      NaN   NaN  NaN    20 NaN NaN
T0102   22-May-2024 08:06:09    29.505150   141.425417   1.030  1.850      NaN    NaN      NaN   NaN  NaN   NaN NaN   2
T0102   22-May-2024 08:10:20    29.505067   141.424600   0.930  1.650      NaN    NaN    54836   NaN  NaN    20 NaN NaN
T0102   01-Jun-2024 03:47:39    29.358100   141.226650   1.360  4.110    14950  14273    54008   147  130   NaN NaN NaN
T0102   01-Jun-2024 03:49:32    29.358650   141.227050   1.240  4.840      NaN    NaN      NaN   NaN  NaN    20 NaN NaN
T0102   01-Jun-2024 03:58:12    29.360983   141.228950   0.770  1.820      NaN    NaN      NaN   NaN  NaN   NaN NaN NaN
T0102   01-Jun-2024 04:08:00    29.363567   141.231317   0.670  1.470      NaN    NaN    54602   NaN  NaN    20 NaN   1
T0102   10-Jun-2024 23:42:51    29.087733   140.941150   3.150  6.630    14954  14273    53312   161  200   NaN NaN NaN
T0102   10-Jun-2024 23:44:50    29.087467   140.941133   3.220  6.860      NaN    NaN      NaN   NaN  NaN    20 NaN NaN
T0102   10-Jun-2024 23:55:00    29.085983   140.940983   0.700  1.320      NaN    NaN      NaN   NaN  NaN   NaN NaN   2
T0102   10-Jun-2024 23:59:14    29.085317   140.940917   0.650  1.150      NaN    NaN    53865   NaN  NaN    20 NaN NaN
T0102   20-Jun-2024 19:21:03    28.817167   140.789900   1.570  5.400    14938  14273    53495   132  100   NaN NaN NaN
T0102   20-Jun-2024 19:23:07    28.816767   140.789917   1.650  5.230      NaN    NaN      NaN   NaN  NaN    20 NaN NaN
T0102   20-Jun-2024 19:32:36    28.814800   140.789783   0.900  1.820      NaN    NaN      NaN   NaN  NaN    20 NaN NaN
T0102   20-Jun-2024 19:41:14    28.813017   140.789750   0.660  1.220      NaN    NaN      NaN   NaN  NaN   NaN NaN NaN
T0102   20-Jun-2024 19:54:36    28.810150   140.789200   0.700  1.580      NaN    NaN    54394   NaN  NaN   NaN NaN   1
T0102   30-Jun-2024 15:09:40    28.360800   140.841083   1.160  1.960    15002  14273    54511    48  100   NaN NaN NaN
T0102   30-Jun-2024 15:11:37    28.360567   140.840900   1.090  1.910      NaN    NaN      NaN   NaN  NaN    21 NaN NaN
T0102   30-Jun-2024 15:22:06    28.359367   140.839533   0.700  1.350      NaN    NaN      NaN   NaN  NaN   NaN NaN   2
T0102   30-Jun-2024 15:26:14    28.358967   140.838900   0.710  1.430      NaN    NaN    55121   NaN  NaN    20 NaN NaN
T0102   10-Jul-2024 10:47:52    28.104650   140.688050   2.580  4.470    14978  14273    54628    65  130   NaN NaN NaN
T0102   10-Jul-2024 10:49:55    28.104217   140.688450   2.530  4.470      NaN    NaN      NaN   NaN  NaN    20 NaN NaN
T0102   10-Jul-2024 11:01:36    28.101833   140.690933   0.610  1.010      NaN    NaN      NaN   NaN  NaN   NaN NaN   2
T0102   10-Jul-2024 11:05:41    28.101033   140.691883   0.590  0.960      NaN    NaN    55419   NaN  NaN    20 NaN NaN
T0102   20-Jul-2024 06:44:16    27.914367   140.831567   0.930  2.170    14980  14273    54807    61  110   NaN NaN NaN
T0102   20-Jul-2024 06:46:11    27.913933   140.831917   1.140  2.480      NaN    NaN      NaN   NaN  NaN   NaN NaN NaN
T0102   20-Jul-2024 06:50:11    27.913150   140.832583   0.610  1.320      NaN    NaN      NaN   NaN  NaN    20 NaN NaN
T0102   20-Jul-2024 07:04:16    27.910533   140.834767   0.560  1.150      NaN    NaN      NaN   NaN  NaN    21 NaN NaN
T0102   20-Jul-2024 07:14:02    27.908683   140.836183   0.570  1.140      NaN    NaN      NaN   NaN  NaN    20 NaN NaN
T0102   20-Jul-2024 07:24:02    27.906800   140.837600   0.580  1.140      NaN    NaN    56219   NaN  NaN   NaN NaN   1
T0102   30-Jul-2024 02:45:31    27.821717   141.106467   2.690  2.460    14954  14273    53753   125  110   NaN NaN NaN
T0102   30-Jul-2024 02:47:39    27.821767   141.106867   1.520  2.410      NaN    NaN      NaN   NaN  NaN   NaN NaN NaN
T0102   30-Jul-2024 02:59:36    27.821867   141.109000   0.990  1.820      NaN    NaN      NaN   NaN  NaN     0 NaN NaN
T0102   30-Jul-2024 03:02:44    27.821783   141.109633   0.900  1.650      NaN    NaN      NaN   NaN  NaN    20 NaN NaN
T0102   30-Jul-2024 03:13:44    27.821567   141.111783   0.770  1.320      NaN    NaN      NaN   NaN  NaN   NaN NaN NaN
T0102   30-Jul-2024 03:20:36    27.821317   141.113350   0.720  1.220      NaN    NaN    54908   NaN  NaN    20 NaN   1
T0102   08-Aug-2024 22:52:09    27.900983   141.204050   2.580  7.410    14995  14273    54411    25   70   NaN NaN NaN
T0102   08-Aug-2024 23:09:06    27.900733   141.206950   0.690  1.540      NaN    NaN      NaN   NaN  NaN    21 NaN NaN
T0102   08-Aug-2024 23:25:26    27.899950   141.209667   0.730  1.410      NaN    NaN      NaN   NaN  NaN   NaN NaN NaN
T0102   08-Aug-2024 23:36:18    27.899283   141.210967   0.690  1.260      NaN    NaN    55753   NaN  NaN    20 NaN   1
T0102   18-Aug-2024 18:25:30    28.260133   141.333850   1.580  2.470    14974  14273    53724    86  150   NaN NaN NaN
T0102   18-Aug-2024 18:27:37    28.260217   141.333283   2.140  2.820      NaN    NaN      NaN   NaN  NaN   NaN NaN NaN
T0102   18-Aug-2024 18:37:17    28.260733   141.330867   0.640  1.120      NaN    NaN      NaN   NaN  NaN    21 NaN NaN
T0102   18-Aug-2024 18:40:00    28.260883   141.330200   0.660  1.170      NaN    NaN      NaN   NaN  NaN   NaN NaN NaN
T0102   18-Aug-2024 18:53:05    28.261417   141.326750   0.600  1.230      NaN    NaN    54421   NaN  NaN   NaN NaN   2
T0102   28-Aug-2024 14:42:08    28.380367   141.362500   1.710  3.120    14935  14273    53525    99  140   NaN NaN NaN
T0102   28-Aug-2024 14:44:07    28.380483   141.362583   1.130  2.280      NaN    NaN      NaN   NaN  NaN    20 NaN NaN
T0102   28-Aug-2024 14:54:37    28.381083   141.363100   1.340  2.490      NaN    NaN      NaN   NaN  NaN   NaN NaN   2
T0102   28-Aug-2024 14:59:07    28.381367   141.363383   1.510  2.470      NaN    NaN    54180   NaN  NaN   NaN NaN NaN
T0102   07-Sep-2024 10:31:22    28.216100   141.504300   1.580  4.240    14990  14273    54103    60  120   NaN NaN NaN
T0102   07-Sep-2024 10:33:41    28.215983   141.503817   1.440  4.310      NaN    NaN      NaN   NaN  NaN    21 NaN NaN
T0102   07-Sep-2024 10:43:36    28.215417   141.501717   1.100  3.010      NaN    NaN      NaN   NaN  NaN   NaN NaN   2
T0102   07-Sep-2024 10:47:53    28.215150   141.500867   1.070  3.050      NaN    NaN    54808   NaN  NaN    20 NaN NaN
T0102   17-Sep-2024 06:17:47    27.918800   141.198417  14.680  1.000    14928  14273    53064   118  130   NaN NaN NaN
T0102   17-Sep-2024 06:22:14    27.918583   141.198850   1.230  2.190      NaN    NaN      NaN   NaN  NaN     0 NaN NaN
T0102   17-Sep-2024 06:25:39    27.918417   141.199150   1.290  2.240      NaN    NaN      NaN   NaN  NaN   NaN NaN NaN
T0102   17-Sep-2024 06:44:21    27.917317   141.200550   0.770  1.150      NaN    NaN      NaN   NaN  NaN    21 NaN NaN
T0102   17-Sep-2024 06:55:11    27.916500   141.201100   0.730  1.100      NaN    NaN    54099   NaN  NaN   NaN NaN   1
T0102   27-Sep-2024 02:15:39    27.984183   141.041683   1.300  1.670    14881  14273    53405    86  130   NaN NaN NaN
T0102   27-Sep-2024 02:17:38    27.984617   141.041633   1.210  2.110      NaN    NaN      NaN   NaN  NaN   NaN NaN NaN
T0102   27-Sep-2024 02:20:37    27.985250   141.041567   0.950  2.170      NaN    NaN      NaN   NaN  NaN   NaN NaN NaN
T0102   27-Sep-2024 02:43:36    27.989767   141.041250   0.560  1.070      NaN    NaN      NaN   NaN  NaN    20 NaN NaN
T0102   27-Sep-2024 02:56:30    27.992000   141.040683   0.560  1.130      NaN    NaN    53971   NaN  NaN   NaN NaN   1
T0102   06-Oct-2024 22:22:07    27.924000   141.049100   1.530  3.510    14884  14273    53204   102  110   NaN NaN NaN
T0102   06-Oct-2024 22:24:08    27.923483   141.048717   1.360  2.390      NaN    NaN      NaN   NaN  NaN    20 NaN NaN
T0102   06-Oct-2024 22:36:10    27.920517   141.046550   1.190  2.040      NaN    NaN      NaN   NaN  NaN   NaN NaN   2
T0102   06-Oct-2024 22:40:37    27.919383   141.045767   0.730  1.320      NaN    NaN    53942   NaN  NaN    20 NaN NaN
T0102   16-Oct-2024 18:02:48    27.797233   140.999433   1.650  3.340    14895  14273    52632   104  100   NaN NaN NaN
T0102   16-Oct-2024 18:04:46    27.797067   140.999450   1.200  3.410      NaN    NaN      NaN   NaN  NaN    22 NaN NaN
T0102   16-Oct-2024 18:16:13    27.796083   140.999450   0.660  1.560      NaN    NaN      NaN   NaN  NaN     0 NaN NaN
T0102   16-Oct-2024 18:19:19    27.795833   140.999533   0.740  1.580      NaN    NaN      NaN   NaN  NaN    20 NaN NaN
T0102   16-Oct-2024 18:27:05    27.795083   140.999783   0.650  1.340      NaN    NaN    53446   NaN  NaN   NaN NaN   1
T0102   26-Oct-2024 13:53:01    27.816167   140.848300   7.130  1.000    14931  14273    53387    31   80   NaN NaN NaN
T0102   26-Oct-2024 13:55:15    27.816183   140.847817   5.350 11.620      NaN    NaN      NaN   NaN  NaN     0 NaN NaN
T0102   26-Oct-2024 13:58:40    27.816317   140.847133   1.590  1.940      NaN    NaN      NaN   NaN  NaN   NaN NaN NaN
T0102   26-Oct-2024 14:09:36    27.816500   140.845100   0.960  1.180      NaN    NaN      NaN   NaN  NaN     0 NaN NaN
T0102   26-Oct-2024 14:13:06    27.816567   140.844467   0.860  1.100      NaN    NaN      NaN   NaN  NaN    21 NaN NaN
T0102   26-Oct-2024 14:25:51    27.816500   140.842067   0.700  1.020      NaN    NaN    53994   NaN  NaN   NaN NaN   3
T0102   05-Nov-2024 10:02:30    27.946233   140.524867   4.170  3.800    14939  14273    52986   115  110   NaN NaN NaN
T0102   05-Nov-2024 10:04:39    27.946400   140.524900   1.570  2.390      NaN    NaN      NaN   NaN  NaN    20 NaN NaN
T0102   05-Nov-2024 10:14:06    27.946383   140.525150   0.740  1.560      NaN    NaN      NaN   NaN  NaN    20 NaN NaN
T0102   05-Nov-2024 10:25:07    27.946350   140.525617   0.770  1.670      NaN    NaN    53623   NaN  NaN   NaN NaN   1
T0102   15-Nov-2024 05:49:29    28.179433   140.513333   1.270  3.030    14916  14273    52734    83  100   NaN NaN NaN
T0102   15-Nov-2024 06:06:35    28.177433   140.513550   0.700  1.380      NaN    NaN      NaN   NaN  NaN     0 NaN NaN
T0102   15-Nov-2024 06:10:03    28.177000   140.513617   0.700  1.390      NaN    NaN      NaN   NaN  NaN   NaN NaN NaN
T0102   15-Nov-2024 06:20:36    28.175633   140.513767   0.720  1.460      NaN    NaN      NaN   NaN  NaN     0 NaN NaN
T0102   15-Nov-2024 06:32:46    28.174400   140.513817   0.570  1.100      NaN    NaN    53775   NaN  NaN   NaN NaN   2
T0102   25-Nov-2024 01:48:46    28.136217   140.554250   1.300  3.240    14944  14273    52774    50  100   NaN NaN NaN
T0102   25-Nov-2024 01:51:09    28.135250   140.554067   1.420  3.330      NaN    NaN      NaN   NaN  NaN    21 NaN NaN
T0102   25-Nov-2024 02:01:06    28.131250   140.553217   1.140  2.010      NaN    NaN      NaN   NaN  NaN   NaN NaN   2
T0102   25-Nov-2024 02:05:13    28.129667   140.552767   1.250  2.230      NaN    NaN    53414   NaN  NaN    20 NaN NaN
T0102   04-Dec-2024 21:43:09    27.883533   140.623267   1.250  1.680    14926  14273    52927    41   90   NaN NaN NaN
T0102   04-Dec-2024 21:45:34    27.883500   140.623250   1.130  1.730      NaN    NaN      NaN   NaN  NaN   NaN NaN NaN
T0102   04-Dec-2024 22:07:17    27.883167   140.622750   0.630  1.120      NaN    NaN      NaN   NaN  NaN   NaN NaN NaN
T0102   04-Dec-2024 22:19:11    27.882550   140.622650   0.590  1.070      NaN    NaN    53771   NaN  NaN   NaN NaN   1
T0102   14-Dec-2024 17:34:28    27.457350   141.110683   8.180 16.590    14873  14273    51870   122  130   NaN NaN NaN
T0102   14-Dec-2024 17:36:40    27.457567   141.110050   4.580 11.440      NaN    NaN      NaN   NaN  NaN    21 NaN NaN
T0102   14-Dec-2024 17:47:09    27.458183   141.107283   1.450  2.120      NaN    NaN      NaN   NaN  NaN   NaN NaN   2
T0102   14-Dec-2024 17:51:18    27.458467   141.106300   0.980  1.600      NaN    NaN    52270   NaN  NaN    20 NaN NaN
T0102   24-Dec-2024 13:44:54    26.663133   141.301617   1.150  3.700    14909  14273    52109    87  290   NaN NaN NaN
T0102   24-Dec-2024 13:47:36    26.663367   141.301633   1.790 13.370      NaN    NaN      NaN   NaN  NaN     0 NaN NaN
T0102   24-Dec-2024 13:51:09    26.663583   141.301617   0.830  2.000      NaN    NaN      NaN   NaN  NaN     0 NaN NaN
T0102   24-Dec-2024 13:54:45    26.663833   141.301617   0.980  2.270      NaN    NaN      NaN   NaN  NaN    20 NaN NaN
T0102   24-Dec-2024 14:11:05    26.665117   141.301767   0.740  1.740      NaN    NaN      NaN   NaN  NaN   NaN NaN NaN
T0102   24-Dec-2024 14:23:02    26.665867   141.301750   0.680  1.380      NaN    NaN    52171   NaN  NaN   NaN NaN   1
T0102   03-Jan-2025 09:56:39    25.896933   141.428650   3.280  3.840    14933  14273    51799    65   80   NaN NaN NaN
T0102   03-Jan-2025 09:58:39    25.896717   141.428333   2.480  4.190      NaN    NaN      NaN   NaN  NaN    20 NaN NaN
T0102   03-Jan-2025 10:09:06    25.894867   141.426400   1.020  2.000      NaN    NaN      NaN   NaN  NaN   NaN NaN   2
T0102   03-Jan-2025 10:13:36    25.894033   141.425617   0.750  1.320      NaN    NaN    52227   NaN  NaN    22 NaN NaN
T0102   13-Jan-2025 05:31:22    25.495667   141.786900   1.190  2.670    14889  14273    51460    88  170   NaN NaN NaN
T0102   13-Jan-2025 05:33:40    25.495267   141.786883   2.660  9.190      NaN    NaN      NaN   NaN  NaN    20 NaN NaN
T0102   13-Jan-2025 05:41:31    25.494283   141.786933   1.770  5.420      NaN    NaN      NaN   NaN  NaN    20 NaN NaN
T0102   13-Jan-2025 05:51:08    25.493033   141.786950   1.090  2.180      NaN    NaN      NaN   NaN  NaN    21 NaN NaN
T0102   13-Jan-2025 06:00:57    25.491533   141.786750   0.960  1.840      NaN    NaN    52070   NaN  NaN   NaN NaN   1
T0102   23-Jan-2025 01:45:58    25.776450   142.050567   1.640  5.230    14873  14236    51271    93  100   NaN NaN NaN
T0102   23-Jan-2025 01:48:09    25.776433   142.049883   2.490 12.100      NaN    NaN      NaN   NaN  NaN   NaN NaN NaN
T0102   23-Jan-2025 02:04:35    25.776700   142.044867   0.830  2.300      NaN    NaN    51741   NaN  NaN   NaN NaN   2
T0102   01-Feb-2025 21:33:52    26.165050   141.903767   3.060 15.680    14894  14236    51394    71   70   NaN NaN NaN
T0102   01-Feb-2025 21:36:14    26.165150   141.903317   2.900  9.610      NaN    NaN      NaN   NaN  NaN   NaN NaN NaN
T0102   01-Feb-2025 21:52:00    26.165883   141.900750   0.660  1.060      NaN    NaN    51803   NaN  NaN   NaN NaN   2
T0102   11-Feb-2025 17:16:30    26.062283   141.664400   1.530  4.670    14888  14236    50999   112  150   NaN NaN NaN
T0102   11-Feb-2025 17:18:37    26.062167   141.664550   1.500  3.000      NaN    NaN      NaN   NaN  NaN    20 NaN NaN
T0102   11-Feb-2025 17:29:37    26.061767   141.665150   0.790  1.740      NaN    NaN      NaN   NaN  NaN   NaN NaN   2
T0102   11-Feb-2025 17:33:06    26.061617   141.665400   0.890  2.720      NaN    NaN    51405   NaN  NaN     0 NaN NaN
T0102   21-Feb-2025 13:06:09    25.736467   141.547783   1.620  2.590    14929  14236    51551    45  100   NaN NaN NaN
T0102   21-Feb-2025 13:23:00    25.739667   141.546967   0.580  1.150      NaN    NaN      NaN   NaN  NaN    20 NaN NaN
T0102   21-Feb-2025 13:33:16    25.741533   141.546467   0.580  1.040      NaN    NaN      NaN   NaN  NaN   NaN NaN   2
T0102   21-Feb-2025 13:37:33    25.742367   141.546200   0.570  1.020      NaN    NaN    52093   NaN  NaN    20 NaN NaN
T0102   03-Mar-2025 08:50:22    25.388467   141.604200   0.840  1.950    14916  14236    51735    65  210   NaN NaN NaN
T0102   03-Mar-2025 08:52:32    25.388467   141.604050   0.870  2.330      NaN    NaN      NaN   NaN  NaN    20 NaN NaN
T0102   03-Mar-2025 09:00:32    25.388400   141.603450   0.550  1.110      NaN    NaN      NaN   NaN  NaN    21 NaN NaN
T0102   03-Mar-2025 09:06:20    25.388317   141.603000   0.550  1.040      NaN    NaN      NaN   NaN  NaN   NaN NaN NaN
T0102   03-Mar-2025 09:14:08    25.388083   141.602433   0.530  0.960      NaN    NaN      NaN   NaN  NaN    21 NaN NaN
T0102   03-Mar-2025 09:24:04    25.387650   141.601633   0.530  0.890      NaN    NaN      NaN   NaN  NaN   NaN NaN NaN
T0102   03-Mar-2025 09:30:12    25.387400   141.601133   0.520  0.790      NaN    NaN    52305   NaN  NaN    22 NaN   1
T0102   13-Mar-2025 04:54:47    25.113083   141.699550   1.310  3.270    14921  14236    51920    35  100   NaN NaN NaN
T0102   13-Mar-2025 04:56:40    25.112950   141.699067   1.070  2.860      NaN    NaN      NaN   NaN  NaN    20 NaN NaN
T0102   13-Mar-2025 05:05:23    25.112300   141.696783   0.620  1.080      NaN    NaN      NaN   NaN  NaN    20 NaN NaN
T0102   13-Mar-2025 05:12:36    25.111617   141.694883   0.610  1.070      NaN    NaN    52471   NaN  NaN   NaN NaN   1
T0102   23-Mar-2025 00:45:39    24.915400   141.828383   1.150  3.650    14917  14236    51816    34  100   NaN NaN NaN
T0102   23-Mar-2025 00:47:37    24.915217   141.828217   1.290  3.350      NaN    NaN      NaN   NaN  NaN    21 NaN NaN
T0102   23-Mar-2025 00:59:06    24.914033   141.827283   0.740  1.610      NaN    NaN      NaN   NaN  NaN   NaN NaN   2
T0102   23-Mar-2025 01:03:44    24.913533   141.826883   0.730  1.410      NaN    NaN    52272   NaN  NaN    20 NaN NaN
T0102   01-Apr-2025 20:44:01    24.385150   141.918500   3.830  1.000    14866  14236    50995   116  110   NaN NaN NaN
T0102   01-Apr-2025 20:46:14    24.385417   141.919250   3.250 14.210      NaN    NaN      NaN   NaN  NaN   NaN NaN NaN
T0102   01-Apr-2025 21:04:07    24.387950   141.924533   0.920  1.670      NaN    NaN      NaN   NaN  NaN   NaN NaN NaN
T0102   01-Apr-2025 21:11:06    24.388900   141.926683   1.090  1.740      NaN    NaN    51611   NaN  NaN    21 NaN   1
T0102   11-Apr-2025 16:58:57    23.978017   141.909050   3.760 22.580    14880  14236    50898    85   60   NaN NaN NaN
T0102   11-Apr-2025 17:01:04    23.977333   141.909150   1.420  2.220      NaN    NaN      NaN   NaN  NaN    20 NaN NaN
T0102   11-Apr-2025 17:12:28    23.973667   141.909217   1.070  1.620      NaN    NaN      NaN   NaN  NaN   NaN NaN   2
T0102   11-Apr-2025 17:20:35    23.971033   141.909050   0.990  1.520      NaN    NaN    51434   NaN  NaN    20 NaN NaN
T0102   21-Apr-2025 13:06:39    23.616667   142.099233   1.720  1.000    14902  14236    51155    69   90   NaN NaN NaN
T0102   21-Apr-2025 13:08:33    23.616617   142.098883   1.500  4.230      NaN    NaN      NaN   NaN  NaN    22 NaN NaN
T0102   21-Apr-2025 13:20:06    23.616517   142.096800   1.430  2.990      NaN    NaN      NaN   NaN  NaN   NaN NaN NaN
T0102   21-Apr-2025 13:29:36    23.616400   142.095000   0.650  1.300      NaN    NaN      NaN   NaN  NaN    21 NaN NaN
T0102   21-Apr-2025 13:37:05    23.616400   142.093517   0.660  1.350      NaN    NaN    51860   NaN  NaN   NaN NaN   1
T0102   01-May-2025 09:02:00    23.367350   142.545033   3.090  9.130    14922  14236    51869    16   80   NaN NaN NaN
T0102   01-May-2025 09:04:08    23.367317   142.544700   1.350  2.360      NaN    NaN      NaN   NaN  NaN    20 NaN NaN
T0102   01-May-2025 09:14:11    23.366950   142.542983   0.640  0.960      NaN    NaN      NaN   NaN  NaN   NaN NaN   2
T0102   01-May-2025 09:18:28    23.366817   142.542167   0.620  0.980      NaN    NaN    52455   NaN  NaN    20 NaN NaN
T0102   11-May-2025 04:42:26    23.434583   142.839500   0.880  4.050    14908  14236    51844    45  110   NaN NaN NaN
T0102   11-May-2025 04:44:24    23.434783   142.839483   0.960  2.430      NaN    NaN      NaN   NaN  NaN   NaN NaN NaN
T0102   11-May-2025 04:56:45    23.435833   142.839150   0.620  1.060      NaN    NaN      NaN   NaN  NaN   NaN NaN   2
T0102   11-May-2025 05:01:41    23.436167   142.838967   0.610  1.020      NaN    NaN    52620   NaN  NaN    21 NaN NaN
T0102   21-May-2025 00:40:42    23.632833   143.047000   1.890  2.760    14906  14213    51443    80  130   NaN NaN NaN
T0102   21-May-2025 00:43:11    23.633417   143.046917   1.880  3.180      NaN    NaN      NaN   NaN  NaN   NaN NaN NaN
T0102   21-May-2025 00:58:03    23.636900   143.046617   0.650  1.200      NaN    NaN      NaN   NaN  NaN    20 NaN NaN
T0102   21-May-2025 01:06:17    23.638967   143.046567   0.660  1.250      NaN    NaN    52349   NaN  NaN   NaN NaN   1
T0102   30-May-2025 20:34:24    23.807700   143.095567   2.810  2.830    14911  14213    51725    64  130   NaN NaN NaN
T0102   30-May-2025 20:51:13    23.806983   143.096617   0.800  1.670      NaN    NaN      NaN   NaN  NaN     0 NaN NaN
T0102   30-May-2025 20:55:35    23.806900   143.096800   0.780  1.570      NaN    NaN      NaN   NaN  NaN   NaN NaN NaN
T0102   30-May-2025 21:20:54    23.807050   143.098483   0.750  1.110      NaN    NaN      NaN   NaN  NaN    22 NaN NaN
T0102   30-May-2025 21:32:06    23.807433   143.099317   0.710  1.060      NaN    NaN    52199   NaN  NaN   NaN NaN   1
T0102   09-Jun-2025 17:18:01    23.877400   142.948750   1.070  2.430    14867  14182    50738    82  130   NaN NaN NaN
T0102   09-Jun-2025 17:20:07    23.877133   142.948683   1.240  2.610      NaN    NaN      NaN   NaN  NaN    20 NaN NaN
T0102   09-Jun-2025 17:29:12    23.876067   142.948567   0.580  1.380      NaN    NaN      NaN   NaN  NaN    21 NaN NaN
T0102   09-Jun-2025 17:38:36    23.875067   142.948417   0.580  1.360      NaN    NaN    51484   NaN  NaN   NaN NaN   1
T0102   19-Jun-2025 13:10:52    23.745133   142.800433   2.320  3.300    14940  14182    51255    14   60   NaN NaN NaN
T0102   19-Jun-2025 13:13:10    23.745167   142.800150   2.350  3.360      NaN    NaN      NaN   NaN  NaN    20 NaN NaN
T0102   19-Jun-2025 13:26:05    23.745533   142.798633   0.790  1.360      NaN    NaN      NaN   NaN  NaN   NaN NaN NaN
T0102   19-Jun-2025 13:37:19    23.746083   142.797367   0.700  1.140      NaN    NaN      NaN   NaN  NaN    20 NaN NaN
T0102   19-Jun-2025 13:43:07    23.746350   142.796683   0.690  1.050      NaN    NaN    51986   NaN  NaN    21 NaN   1
T0102   29-Jun-2025 09:54:22    23.624800   142.606967   0.930  2.430    15002  14173    51874    11   50   NaN NaN NaN
T0102   09-Jul-2025 05:42:09    23.544283   142.457467   1.240  2.110      NaN    NaN      NaN   NaN  NaN   NaN NaN NaN
T0102   09-Jul-2025 05:59:26    23.546850   142.456000   0.670  1.320      NaN    NaN      NaN   NaN  NaN   NaN NaN NaN
T0102   09-Jul-2025 06:25:32    23.550750   142.454550   0.720  1.450      NaN    NaN      NaN   NaN  NaN    21 NaN NaN
T0102   09-Jul-2025 06:40:33    23.552983   142.453833   0.680  1.300      NaN    NaN      NaN   NaN  NaN   NaN NaN NaN
T0102   09-Jul-2025 07:04:58    23.555917   142.452450   0.590  1.260      NaN    NaN      NaN   NaN  NaN    21 NaN NaN
T0102   09-Jul-2025 07:12:36    23.556583   142.452217   0.550  1.160      NaN    NaN      NaN   NaN  NaN    20 NaN NaN
T0102   09-Jul-2025 07:19:07    23.557317   142.451883   0.560  1.150      NaN    NaN      NaN   NaN  NaN   NaN NaN NaN
T0102   09-Jul-2025 07:24:39    23.557950   142.451550   0.560  1.090      NaN    NaN      NaN   NaN  NaN    20 NaN NaN
T0102   09-Jul-2025 07:36:36    23.559167   142.450800   0.670  1.080      NaN    NaN      NaN   NaN  NaN   NaN NaN NaN
T0102   09-Jul-2025 07:47:57    23.560017   142.450133   0.630  1.290      NaN    NaN    54527   NaN  NaN     0 NaN NaN
T0102   19-Jul-2025 03:18:40    23.461733   142.383600   1.860  2.840    14945  14172    52561    38   70   NaN NaN NaN
T0102   19-Jul-2025 03:20:31    23.461850   142.383333   1.620  2.440      NaN    NaN      NaN   NaN  NaN    20 NaN NaN
T0102   19-Jul-2025 03:32:06    23.463000   142.381550   0.890  1.320      NaN    NaN      NaN   NaN  NaN    20 NaN NaN
T0102   19-Jul-2025 03:48:54    23.464817   142.378883   0.800  1.230      NaN    NaN      NaN   NaN  NaN    20 NaN NaN
T0102   19-Jul-2025 04:05:36    23.466800   142.376233   0.750  1.200      NaN    NaN      NaN   NaN  NaN   NaN NaN NaN
T0102   19-Jul-2025 04:32:17    23.469900   142.372033   0.650  1.010      NaN    NaN      NaN   NaN  NaN   NaN NaN NaN
T0102   19-Jul-2025 04:47:20    23.471100   142.369750   0.590  0.910      NaN    NaN      NaN   NaN  NaN    20 NaN NaN
T0102   19-Jul-2025 05:10:05    23.472400   142.366117   0.640  1.040      NaN    NaN      NaN   NaN  NaN   NaN NaN NaN
T0102   19-Jul-2025 05:44:28    23.473467   142.359500   0.760  1.320      NaN    NaN    55385   NaN  NaN   NaN NaN NaN
T0102   29-Jul-2025 01:16:57    23.430983   142.415633   1.780  7.710    15020  14172    53388     0    0   NaN NaN NaN
T0102   29-Jul-2025 01:19:10    23.431600   142.416033   2.680 11.250      NaN    NaN      NaN   NaN  NaN    20 NaN NaN
T0102   29-Jul-2025 01:34:04    23.436233   142.418983   0.910  1.800      NaN    NaN      NaN   NaN  NaN   NaN NaN NaN
T0102   29-Jul-2025 01:37:36    23.437350   142.419733   0.810  1.550      NaN    NaN      NaN   NaN  NaN   NaN NaN NaN
T0102   29-Jul-2025 01:58:35    23.443800   142.424000   0.740  1.310      NaN    NaN      NaN   NaN  NaN   NaN NaN NaN
T0102   29-Jul-2025 02:10:59    23.447383   142.426833   0.660  1.320      NaN    NaN      NaN   NaN  NaN   NaN NaN NaN
T0102   29-Jul-2025 02:36:57    23.454733   142.432417   0.560  1.010      NaN    NaN      NaN   NaN  NaN   NaN NaN NaN
T0102   29-Jul-2025 02:52:59    23.459267   142.435517   0.590  1.030      NaN    NaN    55263   NaN  NaN   NaN NaN   2
T0102   07-Aug-2025 22:23:44    23.406583   142.640200   1.580  3.420    14946  14172    53866     4   40   NaN NaN NaN
T0102   07-Aug-2025 22:25:36    23.406800   142.639967   1.410  2.540      NaN    NaN      NaN   NaN  NaN   NaN NaN NaN
T0102   07-Aug-2025 22:38:55    23.408133   142.638450   0.600  1.110      NaN    NaN      NaN   NaN  NaN   NaN NaN   1
T0102   07-Aug-2025 22:50:47    23.409067   142.636850   0.590  0.970      NaN    NaN    54910   NaN  NaN    20 NaN NaN
T0102   17-Aug-2025 17:33:17    23.422583   142.761383   2.440  6.370    14940  14172    53051    58  110   NaN NaN NaN
T0102   17-Aug-2025 17:35:35    23.422417   142.761283   2.420  5.660      NaN    NaN      NaN   NaN  NaN   NaN NaN NaN
T0102   17-Aug-2025 17:46:33    23.421967   142.760750   0.930  1.450      NaN    NaN      NaN   NaN  NaN    20 NaN NaN
T0102   17-Aug-2025 18:01:06    23.421617   142.760367   0.710  1.110      NaN    NaN      NaN   NaN  NaN   NaN NaN NaN
T0102   17-Aug-2025 18:19:01    23.420950   142.759933   0.670  1.030      NaN    NaN    54474   NaN  NaN   NaN NaN   1
T0102   27-Aug-2025 13:26:50    23.421483   142.839367   1.220  2.420    14936  14172    53505    14  150   NaN NaN NaN
T0102   27-Aug-2025 13:29:07    23.420833   142.839783   2.120  4.310      NaN    NaN      NaN   NaN  NaN    20 NaN NaN
T0102   27-Aug-2025 13:39:25    23.418133   142.841433   0.800  1.520      NaN    NaN      NaN   NaN  NaN   NaN NaN   1
T0102   27-Aug-2025 13:43:29    23.417000   142.842067   0.700  1.330      NaN    NaN    54382   NaN  NaN    20 NaN NaN
T0102   06-Sep-2025 09:02:30    23.386583   142.839700   1.150  2.860    14966  14172    54082     5   30   NaN NaN NaN
T0102   06-Sep-2025 09:19:20    23.383400   142.840033   0.540  0.910      NaN    NaN      NaN   NaN  NaN    20 NaN NaN
T0102   06-Sep-2025 09:32:04    23.381167   142.840050   0.550  0.880      NaN    NaN      NaN   NaN  NaN   NaN NaN NaN
T0102   06-Sep-2025 09:36:54    23.380300   142.840183   0.530  0.910      NaN    NaN      NaN   NaN  NaN    21 NaN NaN
T0102   06-Sep-2025 09:44:23    23.378883   142.840233   0.550  0.960      NaN    NaN      NaN   NaN  NaN   NaN NaN NaN
T0102   06-Sep-2025 10:02:25    23.375283   142.840833   0.520  0.900      NaN    NaN      NaN   NaN  NaN   NaN NaN NaN
T0102   06-Sep-2025 10:12:22    23.373283   142.841183   0.530  1.000      NaN    NaN    56155   NaN  NaN    20 NaN   1
T0102   16-Sep-2025 04:32:09    23.379667   142.833850   1.040  5.040    14924  14172    53827    43  100   NaN NaN NaN
T0102   16-Sep-2025 04:34:07    23.379333   142.833800   1.020  4.460      NaN    NaN      NaN   NaN  NaN    20 NaN NaN
T0102   16-Sep-2025 04:44:16    23.377567   142.833100   0.810  1.860      NaN    NaN      NaN   NaN  NaN   NaN NaN   1
T0102   16-Sep-2025 04:52:24    23.376233   142.832633   0.690  1.610      NaN    NaN    55019   NaN  NaN    20 NaN NaN
T0102   26-Sep-2025 00:04:58    23.324250   142.743567   1.250  1.000    14937  14172    53796    41   90   NaN NaN NaN
T0102   26-Sep-2025 00:07:07    23.324200   142.743400   1.980 11.380      NaN    NaN      NaN   NaN  NaN   NaN NaN NaN
T0102   26-Sep-2025 00:15:44    23.323917   142.742867   0.730  1.490      NaN    NaN      NaN   NaN  NaN   NaN NaN NaN
T0102   26-Sep-2025 00:33:36    23.323133   142.742350   0.790  1.760      NaN    NaN      NaN   NaN  NaN    20 NaN NaN
T0102   26-Sep-2025 00:44:32    23.322467   142.741917   0.680  1.330      NaN    NaN    55024   NaN  NaN   NaN NaN   1
T0102   05-Oct-2025 20:24:54    23.132133   142.759600   1.240  3.580    14939  14172    55003    14  110   NaN NaN NaN
T0102   05-Oct-2025 20:27:10    23.132300   142.760150   1.240  3.450      NaN    NaN      NaN   NaN  NaN    20 NaN NaN
T0102   05-Oct-2025 20:42:06    23.132933   142.763700   0.870  1.560      NaN    NaN      NaN   NaN  NaN    20 NaN NaN
T0102   05-Oct-2025 20:50:06    23.133300   142.765450   0.890  1.320      NaN    NaN    56144   NaN  NaN   NaN NaN   1
T0102   15-Oct-2025 16:05:47    22.996617   142.891217   3.760  4.950    14904  14172    55035    73  150   NaN NaN NaN
T0102   15-Oct-2025 16:08:10    22.997333   142.891317   3.790  5.230      NaN    NaN      NaN   NaN  NaN   NaN NaN NaN
T0102   15-Oct-2025 16:16:07    22.999850   142.891450   0.900  1.570      NaN    NaN      NaN   NaN  NaN     0 NaN NaN
T0102   15-Oct-2025 16:19:06    23.000733   142.891517   0.870  1.510      NaN    NaN      NaN   NaN  NaN    20 NaN NaN
T0102   15-Oct-2025 16:27:36    23.003083   142.891583   1.110  1.740      NaN    NaN      NaN   NaN  NaN    20 NaN NaN
T0102   15-Oct-2025 16:39:06    23.006483   142.891600   0.820  1.640      NaN    NaN    56184   NaN  NaN   NaN NaN   1
T0102   25-Oct-2025 12:06:32    22.961950   142.985500   4.180  9.360    14965  14172    56612    23   90   NaN NaN NaN
T0102   25-Oct-2025 12:08:33    22.962583   142.986333   1.440  4.710      NaN    NaN      NaN   NaN  NaN    20 NaN NaN
T0102   25-Oct-2025 12:18:41    22.966183   142.990267   0.880  1.640      NaN    NaN      NaN   NaN  NaN   NaN NaN   1
T0102   25-Oct-2025 12:27:20    22.969183   142.993767   0.710  1.150      NaN    NaN    57427   NaN  NaN    21 NaN NaN
T0102   04-Nov-2025 07:27:31    23.001417   143.020433   1.490  3.110    14921  14172    56535    66  140   NaN NaN NaN
T0102   04-Nov-2025 07:29:28    23.002083   143.020283   1.660  4.250      NaN    NaN      NaN   NaN  NaN    20 NaN NaN
T0102   04-Nov-2025 07:43:06    23.006883   143.019217   0.950  2.560      NaN    NaN      NaN   NaN  NaN   NaN NaN NaN
T0102   04-Nov-2025 07:58:35    23.012300   143.017883   0.680  1.760      NaN    NaN    57363   NaN  NaN   NaN NaN   1
T0102   14-Nov-2025 03:29:17    22.961300   143.127933   4.110  6.580    14982  14172    57471    42  110   NaN NaN NaN
T0102   14-Nov-2025 03:31:39    22.961417   143.128467   3.460  4.240      NaN    NaN      NaN   NaN  NaN   NaN NaN NaN
T0102   14-Nov-2025 03:47:36    22.962517   143.132483   0.700  1.140      NaN    NaN      NaN   NaN  NaN    20 NaN NaN
T0102   14-Nov-2025 03:56:43    22.963233   143.134883   0.740  1.120      NaN    NaN    58673   NaN  NaN   NaN NaN   1
T0102   23-Nov-2025 22:43:26    22.817333   143.294700   1.610  1.000    14961  14172    57594    86  170   NaN NaN NaN
T0102   23-Nov-2025 22:46:31    22.817133   143.294683   2.770 13.480      NaN    NaN      NaN   NaN  NaN    20 NaN NaN
T0102   23-Nov-2025 22:54:07    22.816617   143.294817   0.690  1.680      NaN    NaN      NaN   NaN  NaN    21 NaN NaN
T0102   23-Nov-2025 23:10:07    22.815467   143.295233   0.600  1.260      NaN    NaN      NaN   NaN  NaN    15 NaN NaN
T0102   23-Nov-2025 23:17:06    22.814950   143.295533   0.660  1.220      NaN    NaN    58806   NaN  NaN   NaN NaN   1
T0102   03-Dec-2025 18:44:09    22.665783   143.586483   8.710 11.270    14981  14172    58131    31  100   NaN NaN NaN
T0102   03-Dec-2025 18:46:12    22.665167   143.586983   8.640 10.800      NaN    NaN      NaN   NaN  NaN    20 NaN NaN
T0102   03-Dec-2025 18:56:36    22.661783   143.589767   0.840  1.590      NaN    NaN      NaN   NaN  NaN   NaN NaN   1
T0102   03-Dec-2025 19:05:36    22.658667   143.592017   0.810  1.440      NaN    NaN    59101   NaN  NaN    20 NaN NaN
T0102   13-Dec-2025 13:28:37    22.647450   143.760333   3.540  4.630    14944  14172    58421    55  110   NaN NaN NaN
